COUNT: 200
MEAN: 4611012.19
MEDIAN: 4240884.5
MODE: [6980368.0, 5517055.0, 1336159.0, 6750185.0, 1771937.0, 360952.0, 5672561.0, 916583.0, 2700138.0, 9645053.0, 1181110.0, 1492185.0, 4018595.0, 7654888.0, 7062453.0, 2478010.0, 6134768.0, 8420417.0, 2917489.0, 3340773.0, 1115956.0, 9172192.0, 6271996.0, 8686939.0, 50986.0, 9376410.0, 5962327.0, 7686891.0, 6615183.0, 1864844.0, 3329962.0, 3942794.0, 2614836.0, 7406772.0, 2384190.0, 398347.0, 8698503.0, 9551696.0, 1019556.0, 1677430.0, 3479629.0, 9309008.0, 5266170.0, 4094340.0, 1754055.0, 5861132.0, 4471329.0, 8826052.0, 7469325.0, 1973172.0, 53145.0, 3897508.0, 7773386.0, 6089829.0, 4223424.0, 9761752.0, 7930799.0, 3597495.0, 9302948.0, 2288712.0, 197187.0, 5266939.0, 221545.0, 7957027.0, 3195361.0, 7106269.0, 9633312.0, 9713704.0, 91925.0, 4418686.0, 9682250.0, 2583824.0, 4979126.0, 6280954.0, 1228610.0, 705518.0, 1017653.0, 500098.0, 7210727.0, 4250898.0, 4055028.0, 2754240.0, 452999.0, 6831458.0, 207636.0, 7280635.0, 3308937.0, 4303570.0, 8375055.0, 1457960.0, 5197625.0, 3144371.0, 6674138.0, 2692106.0, 2276769.0, 1940971.0, 3288264.0, 4819803.0, 9431005.0, 3992019.0, 8184782.0, 2847975.0, 7891025.0, 900082.0, 1831532.0, 8428253.0, 2905752.0, 9763121.0, 257890.0, 4699761.0, 359541.0, 3446150.0, 4246818.0, 1848840.0, 938480.0, 227465.0, 3923488.0, 8915697.0, 4309094.0, 3891251.0, 8627956.0, 5884613.0, 1659318.0, 1834855.0, 3386751.0, 3000166.0, 9135626.0, 4869260.0, 76550.0, 432271.0, 251028.0, 7016218.0, 6896099.0, 8386350.0, 8637147.0, 936705.0, 6602175.0, 1429181.0, 8395138.0, 6132809.0, 5936917.0, 2878578.0, 158885.0, 2441957.0, 5914794.0, 3999272.0, 3142897.0, 8151159.0, 5147564.0, 4595374.0, 4234951.0, 7880605.0, 7009921.0, 695580.0, 7370443.0, 7921729.0, 8419625.0, 7024080.0, 3905988.0, 1767599.0, 935136.0, 635788.0, 8807719.0, 317375.0, 9975410.0, 2727968.0, 7444399.0, 4065675.0, 9925720.0, 2293633.0, 7734826.0, 1065463.0, 1105617.0, 5325800.0, 3822527.0, 5503858.0, 9214055.0, 6521769.0, 7923796.0, 5250236.0, 1083154.0, 472141.0, 9597454.0, 1581679.0, 656751.0, 345464.0, 4281218.0, 6558883.0, 3852986.0, 6263187.0, 5828308.0, 8058535.0, 9035191.0, 7922103.0, 9366003.0, 4555717.0, 3526753.0, 3176815.0, 858440.0, 2250854.0]
SD: 3013715.249840695
VARIANCE: 9082479607122.363
Tiempo transcurrido: 0.0010027885437011719 segundos
